0.005305
0.011791
2.78482
2.47364
2.49133
2.5256
2.50349
2.84314
2.79674
2.49307
2.47412
2.45818
2.48767
2.59769
3.10609
2.81472
2.53842
2.58622
2.83551
2.71514
2.47757
2.14496
0.704606
0.791519
0.719752
0.670933
0.667622
0.66573
0.663748
0.953889
0.666654
0.664564
0.69575
0.675765
0.663168
0.680213
0.666914
0.689542
0.674574
0.756656
0.669177
0.680347
0.67438
0.664544
0.683395
0.678647
0.708025
0.671403
0.699429
0.678466
0.671856
0.703618
0.679762
0.66372
0.680848
0.668032
0.679884
0.701508
0.67511
0.704892
0.685532
0.680381
0.680833
0.717526
0.683179
0.696193
0.670783
0.669795
0.682012
0.676859
0.679983
0.712373
0.786741
0.816932
0.958017
1.48233
1.41953
1.23057
1.21517
1.23487
1.0667
1.15957
1.16403
1.13997
1.12098
1.09455
1.1036
1.29941
1.17753
1.62763
1.39042
1.28787
1.71158
1.34869
1.4709
1.485
1.55813
1.75208
1.67707
1.55518
1.66758
1.74087
1.64077
3.23785
2.42618
2.46546
2.54073
2.31188
2.51502
2.57908
2.45298
2.5275
2.41869
2.533
2.53814
2.54213
2.54096
3.02256
2.75287
2.72425
2.7947
3.02706
2.25432
1.00468
0.693581
0.705067
0.694802
0.7819
0.961184
0.722451
0.743785
0.718334
0.69846
0.738999
0.798067
0.683168
0.725533
0.801319
0.755885
0.773056
0.758369
0.840367
0.787096
0.681438
0.664829
0.667845
0.666806
0.656004
0.659348
0.650184
0.679958
0.660069
0.658245
0.709588
0.659271
0.666504
0.687397
0.684913
0.71142
0.706808
0.730683
0.733216
0.760431
0.802728
0.788831
0.686107
0.697882
0.672615
0.729288
0.804549
0.869403
1.02128
1.39553
1.41948
1.2372
1.18857
1.26663
1.05197
1.1411
1.08361
1.15007
1.08327
1.07761
1.09535
1.31701
1.29724
1.61168
1.20904
1.52058
1.51326
1.30865
1.75419
1.88034
1.54606
1.40691
1.4483
1.67833
1.75055
2.17459
1.55134
1.54119
1.56823
1.48246
1.84526
1.69869
1.73146
1.41009
1.72696
1.64735
1.35132
1.47122
1.12308
1.19947
1.18293
1.3405
1.62812
2.39112
2.50138
2.56261
2.36318
2.35656
2.64866
2.58236
2.33108
2.65287
2.17228
2.04821
2.07111
2.06558
2.13021
2.12147
2.21684
2.39303
2.49844
2.31249
2.1263
2.18378
2.13117
2.05732
2.15305
2.0185
2.06028
2.31211
2.21873
2.14729
2.18288
2.52679
2.68873
2.90494
2.63364
2.49115
2.34413
2.44035
2.89653
2.45839
2.38555
2.26887
2.41796
2.37734
2.33489
2.16654
2.06219
2.37391
2.28028
2.13716
2.30191
2.11431
2.24887
2.30953
2.15994
2.18413
2.35746
2.4614
2.17404
2.26057
2.32118
1.92831
1.76411
2.1674
2.3841
2.21681
2.25828
1.74824
1.92617
2.22574
2.13267
2.00424
2.00669
2.16264
1.71009
2.25222
2.31352
2.11235
2.04515
1.99068
2.15957
2.3188
2.28215
2.30223
2.32587
2.26649
2.30715
2.27916
2.21885
2.16865
2.30426
2.30837
2.29239
2.20198
2.2595
2.27563
2.23684
2.05205
2.06905
